5307.30681269,12799023945.6,93783959178.0,17670725.0,17670725.0,0.01,0.35,0.03,5314.23,5314.23,5314.23,19-04-29-12-57
5308.30322268,12800132158.4,93801566465.0,17670725.0,17670725.0,0.03,0.37,0.05,5314.17,5314.17,5314.17,19-04-29-12-58
5307.30681269,12799023945.6,93783959178.0,17670725.0,17670725.0,0.01,0.35,0.03,5314.17,5314.17,5314.17,19-04-29-13-00
5308.18441757,12807102198.6,93799467092.0,17670725.0,17670725.0,0.02,0.35,0.05,5314.53,5314.53,5314.53,19-04-29-13-01
5308.18441757,12807102198.6,93799467092.0,17670725.0,17670725.0,0.02,0.35,0.05,5314.47,5314.47,5314.47,19-04-29-13-02
5308.70494783,12807844494.7,93808665239.0,17670725.0,17670725.0,0.03,0.36,0.05,5314.79,5314.79,5314.79,19-04-29-13-03
5310.91232526,12806669917.8,93847671199.0,17670725.0,17670725.0,0.07,0.41,0.1,5314.32,5314.32,5314.32,19-04-29-13-04
5310.91232526,12806669917.8,93847671199.0,17670725.0,17670725.0,0.07,0.41,0.1,5314.66,5314.66,5314.66,19-04-29-13-05
5310.91232526,12806669917.8,93847671199.0,17670725.0,17670725.0,0.07,0.41,0.1,5314.81,5314.81,5314.81,19-04-29-13-06
5308.95207077,12813152662.0,93813032081.0,17670725.0,17670725.0,0.04,0.37,0.06,5314.96,5314.96,5314.96,19-04-29-13-07
5310.14147222,12810369576.6,93834049667.0,17670725.0,17670725.0,0.06,0.38,0.08,5315.01,5315.01,5315.01,19-04-29-13-08
5310.14147222,12810369576.6,93834049667.0,17670725.0,17670725.0,0.06,0.38,0.08,5314.93,5314.93,5314.93,19-04-29-13-09
5310.14147222,12810369576.6,93834049667.0,17670725.0,17670725.0,0.06,0.38,0.08,5309.29,5309.29,5309.29,19-04-29-13-10
5309.28251701,12814363206.2,93818871305.0,17670725.0,17670725.0,0.05,0.36,0.06,5309.34,5309.34,5309.34,19-04-29-13-11
5309.28251701,12814363206.2,93818871305.0,17670725.0,17670725.0,0.05,0.36,0.06,5309.34,5309.34,5309.34,19-04-29-13-12
5309.28251701,12814363206.2,93818871305.0,17670725.0,17670725.0,0.05,0.36,0.06,5309.65,5309.65,5309.65,19-04-29-13-13
5308.01551908,12816391511.6,93796482533.0,17670725.0,17670725.0,0.03,0.34,0.03,5308.66,5308.66,5308.66,19-04-29-13-14
5308.01551908,12816391511.6,93796482533.0,17670725.0,17670725.0,0.03,0.34,0.03,5308.66,5308.66,5308.66,19-04-29-13-15
5308.01551908,12816391511.6,93796482533.0,17670725.0,17670725.0,0.03,0.34,0.03,5307.52,5307.52,5307.52,19-04-29-13-16
5303.50529315,12811178620.6,93716783571.0,17670725.0,17670725.0,-0.05,0.24,-0.06,5307.06,5307.06,5307.06,19-04-29-13-17
5304.72246919,12814702294.0,93738291954.0,17670725.0,17670725.0,-0.03,0.27,-0.03,5307.08,5307.08,5307.08,19-04-29-13-18
5303.50529315,12811178620.6,93716783571.0,17670725.0,17670725.0,-0.05,0.24,-0.06,5307.0,5307.0,5307.0,19-04-29-13-19
5304.72246919,12814702294.0,93738291954.0,17670725.0,17670725.0,-0.03,0.27,-0.03,5306.86,5306.86,5306.86,19-04-29-13-20
5301.04857356,12813130533.4,93673371555.0,17670725.0,17670725.0,-0.1,0.19,-0.11,5306.25,5306.25,5306.25,19-04-29-13-21
5301.04857356,12813130533.4,93673371555.0,17670725.0,17670725.0,-0.1,0.19,-0.11,5306.69,5306.69,5306.69,19-04-29-13-22
5301.04857356,12813130533.4,93673371555.0,17670725.0,17670725.0,-0.1,0.19,-0.11,5306.69,5306.69,5306.69,19-04-29-13-23
5691.58699356,14521033372.7,100656285140,17685100.0,17685100.0,-0.54,-1.73,7.58,5622.21,5622.21,5622.21,19-05-06-12-35
